4716683139705586
4539890305314565
4716598407203033
4916630277403738
4929692614721045
4485604396086311
4024007135745403
4539339511122446
4716333956773099
4716832273201247
4716514474824908
4716332470648266
4180721565168858
4485144621129974
4929403877045332
4539949129551206
4024007152530605
4485787240819522
4916203396276425
4556810294932571
4024007179591077
4485540619274237
4645671852498345
4539847733727347
4024007193068706
4024007179556526
4716193414976761
4716538849564154
4485917358003573
4929218143285664
4929467275920073
4716663250628718
4916361496357733
4916591225084766
4059937631631806
4916738712198308
4532761105989723
4836529644791576
4716569227064269
4532643769348927
4916933736479491
4929038470095100
4539563802615293
4485758062252514
4556116213097532
4929508000433054
4929347480573497
4539330467352343
4716745398877594
4485773182267664
